instance_id,name,num_cities,cost_matrix,created_at,optimal_cost
TSP_5_0,TSP_5_1766577403194,5,"[[0, 30, 35, 35, 24], [30, 0, 41, 44, 27], [35, 41, 0, 49, 35], [35, 44, 49, 0, 36], [24, 27, 35, 36, 0]]",2025-12-24T14:56:43.221375,
TSP_5_1,TSP_5_1766577978869,5,"[[0, 28, 42, 29, 20], [28, 0, 35, 20, 12], [42, 35, 0, 42, 41], [29, 20, 42, 0, 47], [20, 12, 41, 47, 0]]",2025-12-24T15:06:18.875496,
TSP_5_2,TSP_5_1766577984740,5,"[[0, 29, 46, 11, 12], [29, 0, 35, 13, 25], [46, 35, 0, 40, 36], [11, 13, 40, 0, 14], [12, 25, 36, 14, 0]]",2025-12-24T15:06:24.745173,
TSP_5_3,TSP_5_1766577988954,5,"[[0, 29, 39, 28, 15], [29, 0, 43, 34, 37], [39, 43, 0, 39, 11], [28, 34, 39, 0, 14], [15, 37, 11, 14, 0]]",2025-12-24T15:06:28.974453,
TSP_5_4,TSP_5_1766577992975,5,"[[0, 41, 31, 23, 19], [41, 0, 21, 16, 37], [31, 21, 0, 19, 11], [23, 16, 19, 0, 38], [19, 37, 11, 38, 0]]",2025-12-24T15:06:33.301715,
TSP_5_5,TSP_5_1766577997865,5,"[[0, 42, 12, 13, 10], [42, 0, 10, 35, 29], [12, 10, 0, 32, 32], [13, 35, 32, 0, 40], [10, 29, 32, 40, 0]]",2025-12-24T15:06:37.870145,
